method	R	N	kappa	T	mean_error	standard_error
RANDOM_UNIFORM	4	4	1	100	7.171741e-02	2.458739e-03
RANDOM_NORMAL	4	4	1	100	9.694868e-02	3.737014e-03
CONSTANT	8	4	256	100	3.035108e-01	1.494000e-02
CONSTANT	8	4	16	100	2.248004e-01	7.131762e-03
RANDOM_NORMAL	16	4	1	100	7.445273e-04	7.506903e-05
BINARY	16	4	16	100	1.309789e-03	1.031121e-04
BINARY	16	4	256	100	3.248968e-02	1.612923e-03
RANDOM_UNIFORM	8	4	256	100	7.391410e-02	5.732079e-03
RANDOM_UNIFORM	16	4	1	100	2.160068e-03	2.289653e-04
BINARY	8	4	1	100	2.166335e-03	4.561690e-05
RANDOM_UNIFORM	8	4	16	100	4.462833e-02	3.218409e-03
CONSTANT	4	4	1	100	1.549467e-01	2.397585e-03
RANDOM_UNIFORM	2	4	1	100	2.695912e-01	6.733914e-03
CONSTANT	2	4	256	100	5.557982e-01	1.164196e-02
CONSTANT	2	4	16	100	4.584953e-01	1.294962e-02
CONSTANT	16	4	1	100	3.423428e-02	6.085025e-04
BINARY	2	4	1	100	1.770701e-01	3.821276e-03
RANDOM_NORMAL	4	4	256	100	3.714469e-01	1.670219e-02
RANDOM_NORMAL	2	4	16	100	4.698405e-01	2.416148e-02
RANDOM_NORMAL	4	4	16	100	1.536808e-01	5.418121e-03
RANDOM_NORMAL	8	4	256	100	1.483516e-01	6.451213e-03
RANDOM_UNIFORM	4	4	256	100	3.282330e-01	1.521041e-02
BINARY	4	4	1	100	3.570616e-02	7.937144e-04
RANDOM_NORMAL	8	4	16	100	4.319207e-02	4.232571e-03
RANDOM_UNIFORM	4	4	16	100	1.895841e-01	9.438437e-03
RANDOM_NORMAL	16	4	256	100	1.569816e-02	1.052570e-03
RANDOM_NORMAL	2	4	256	100	4.470158e-01	1.835869e-02
CONSTANT	8	4	1	100	6.813551e-02	9.213312e-04
BINARY	8	4	256	100	5.534525e-02	3.022118e-03
BINARY	8	4	16	100	6.953893e-03	1.989771e-04
RANDOM_UNIFORM	16	4	256	100	2.710178e-02	2.151500e-03
RANDOM_UNIFORM	16	4	16	100	3.465269e-03	2.984454e-04
RANDOM_NORMAL	8	4	1	100	6.958153e-03	2.700060e-04
CONSTANT	4	4	256	100	3.471420e-01	1.570709e-02
CONSTANT	4	4	16	100	2.861270e-01	8.823724e-03
RANDOM_UNIFORM	2	4	256	100	6.620524e-01	2.438925e-02
RANDOM_UNIFORM	2	4	16	100	6.211164e-01	1.567555e-02
BINARY	16	4	1	100	1.030843e-04	3.258533e-06
RANDOM_UNIFORM	8	4	1	100	9.110704e-03	5.044418e-04
RANDOM_NORMAL	16	4	16	100	3.595354e-03	4.190579e-04
CONSTANT	2	4	1	100	2.985107e-01	4.957907e-03
BINARY	2	4	256	100	3.265669e-01	9.950565e-03
CONSTANT	16	4	256	100	2.679654e-01	1.195621e-02
RANDOM_NORMAL	2	4	1	100	2.857396e-01	6.091402e-03
CONSTANT	16	4	16	100	9.254242e-02	3.962996e-03
BINARY	2	4	16	100	4.329407e-01	8.765825e-03
BINARY	4	4	16	100	9.135725e-02	3.231285e-03
BINARY	4	4	256	100	2.184153e-01	8.893212e-03
RANDOM_NORMAL	2	4	16	1000	5.383063e-01	1.830176e-02
RANDOM_NORMAL	4	4	16	1000	1.560560e-01	1.093093e-02
RANDOM_NORMAL	8	4	256	1000	8.863353e-02	5.022363e-03
RANDOM_UNIFORM	4	4	256	1000	3.932808e-01	2.381415e-02
BINARY	4	4	1	1000	3.241982e-02	6.680082e-04
RANDOM_NORMAL	8	4	16	1000	1.837897e-02	1.123994e-03
BINARY	4	4	256	1000	1.948538e-01	8.349293e-03
RANDOM_UNIFORM	4	4	16	1000	1.830521e-01	6.150403e-03
RANDOM_NORMAL	16	4	256	1000	1.010617e-02	5.488226e-04
RANDOM_NORMAL	2	4	256	1000	6.167884e-01	2.046927e-02
CONSTANT	8	4	1	1000	7.567213e-02	1.022807e-03
BINARY	8	4	256	1000	3.923614e-02	1.290897e-03
RANDOM_UNIFORM	16	4	256	1000	1.860669e-02	2.107623e-03
RANDOM_UNIFORM	16	4	16	1000	2.547896e-03	4.586614e-04
RANDOM_NORMAL	8	4	1	1000	9.536087e-03	5.426612e-04
CONSTANT	4	4	256	1000	4.367101e-01	1.761258e-02
CONSTANT	4	4	16	1000	3.081775e-01	9.320588e-03
RANDOM_UNIFORM	2	4	256	1000	5.444370e-01	1.949661e-02
BINARY	8	4	16	1000	5.003647e-03	1.584077e-04
RANDOM_UNIFORM	2	4	16	1000	3.294609e-01	1.188973e-02
BINARY	16	4	1	1000	9.893372e-05	2.314856e-06
RANDOM_UNIFORM	8	4	1	1000	1.129547e-02	9.187972e-04
RANDOM_NORMAL	16	4	16	1000	1.359706e-03	1.156367e-04
CONSTANT	2	4	1	1000	3.265473e-01	3.406305e-03
BINARY	2	4	256	1000	3.788367e-01	1.608501e-02
CONSTANT	16	4	256	1000	2.627601e-01	1.061919e-02
RANDOM_NORMAL	2	4	1	1000	2.703708e-01	6.044340e-03
CONSTANT	16	4	16	1000	8.545689e-02	2.766033e-03
BINARY	2	4	16	1000	3.151800e-01	1.399762e-02
BINARY	4	4	16	1000	8.557536e-02	2.083237e-03
RANDOM_UNIFORM	4	4	1	1000	8.156836e-02	1.948839e-03
RANDOM_NORMAL	4	4	1	1000	8.496016e-02	4.086762e-03
CONSTANT	8	4	256	1000	4.984211e-01	2.103662e-02
CONSTANT	8	4	16	1000	1.710277e-01	5.931395e-03
RANDOM_NORMAL	16	4	1	1000	5.896768e-04	6.964089e-05
BINARY	16	4	256	1000	2.302396e-02	9.462052e-04
BINARY	16	4	16	1000	1.203625e-03	5.917652e-05
RANDOM_UNIFORM	8	4	256	1000	6.040670e-02	4.109910e-03
RANDOM_UNIFORM	16	4	1	1000	8.910979e-04	7.899083e-05
BINARY	8	4	1	1000	2.024821e-03	3.682932e-05
RANDOM_UNIFORM	8	4	16	1000	2.045852e-02	1.423148e-03
CONSTANT	4	4	1	1000	1.282185e-01	2.599116e-03
RANDOM_UNIFORM	2	4	1	1000	2.816740e-01	7.580517e-03
CONSTANT	2	4	256	1000	5.540938e-01	1.939571e-02
CONSTANT	2	4	16	1000	3.779934e-01	1.760169e-02
CONSTANT	16	4	1	1000	3.631375e-02	4.417909e-04
BINARY	2	4	1	1000	1.779216e-01	4.227844e-03
RANDOM_NORMAL	4	4	256	1000	3.490019e-01	1.765434e-02
CONSTANT	16	4	256	10000	2.454796e-01	1.117617e-02
CONSTANT	16	4	16	10000	7.348570e-02	3.596221e-03
BINARY	2	4	16	10000	3.251319e-01	1.200560e-02
RANDOM_NORMAL	16	4	256	10000	8.770190e-03	3.577828e-04
BINARY	4	4	256	10000	3.764266e-01	1.544021e-02
BINARY	4	4	16	10000	9.832856e-02	4.107318e-03
RANDOM_UNIFORM	4	4	1	10000	7.569828e-02	1.903165e-03
RANDOM_NORMAL	4	4	1	10000	7.389268e-02	2.478536e-03
RANDOM_NORMAL	8	4	1	10000	8.496191e-03	4.101941e-04
CONSTANT	4	4	256	10000	5.095309e-01	1.868529e-02
BINARY	8	4	16	10000	5.011636e-03	2.126409e-04
CONSTANT	8	4	256	10000	3.259467e-01	1.959157e-02
BINARY	2	4	256	10000	3.687804e-01	9.043923e-03
CONSTANT	8	4	16	10000	1.450147e-01	5.937937e-03
RANDOM_NORMAL	16	4	1	10000	6.521138e-04	6.405189e-05
RANDOM_NORMAL	2	4	1	10000	2.941605e-01	7.380942e-03
BINARY	16	4	16	10000	9.680973e-04	3.871791e-05
RANDOM_UNIFORM	8	4	256	10000	7.803616e-02	3.641840e-03
RANDOM_UNIFORM	16	4	1	10000	1.469053e-03	1.574315e-04
BINARY	8	4	1	10000	2.304836e-03	3.740259e-05
RANDOM_UNIFORM	8	4	16	10000	2.432277e-02	2.094689e-03
CONSTANT	4	4	1	10000	1.224012e-01	2.534730e-03
RANDOM_UNIFORM	2	4	1	10000	2.388939e-01	7.975920e-03
CONSTANT	2	4	256	10000	3.902568e-01	1.219448e-02
CONSTANT	2	4	16	10000	6.477815e-01	1.583488e-02
CONSTANT	16	4	1	10000	3.521215e-02	5.849333e-04
BINARY	2	4	1	10000	2.025677e-01	5.069839e-03
RANDOM_NORMAL	4	4	256	10000	3.017374e-01	1.531230e-02
RANDOM_NORMAL	4	4	16	10000	1.951039e-01	6.134792e-03
RANDOM_NORMAL	8	4	256	10000	9.513716e-02	9.602209e-03
BINARY	16	4	256	10000	1.594051e-02	7.494604e-04
RANDOM_UNIFORM	4	4	256	10000	3.734781e-01	2.008751e-02
BINARY	4	4	1	10000	4.207992e-02	6.181142e-04
RANDOM_NORMAL	8	4	16	10000	2.257944e-02	1.494886e-03
RANDOM_UNIFORM	4	4	16	10000	2.055482e-01	9.124629e-03
RANDOM_NORMAL	2	4	256	10000	4.898635e-01	1.495762e-02
CONSTANT	8	4	1	10000	6.779745e-02	1.349114e-03
BINARY	8	4	256	10000	4.972527e-02	2.523063e-03
RANDOM_UNIFORM	16	4	256	10000	6.395370e-03	3.227097e-04
RANDOM_UNIFORM	16	4	16	10000	2.460305e-03	2.856048e-04
CONSTANT	4	4	16	10000	2.766104e-01	1.120351e-02
RANDOM_UNIFORM	2	4	256	10000	4.281146e-01	1.785079e-02
RANDOM_UNIFORM	2	4	16	10000	4.653002e-01	1.580942e-02
BINARY	16	4	1	10000	9.277247e-05	1.570401e-06
RANDOM_UNIFORM	8	4	1	10000	8.302239e-03	3.196989e-04
RANDOM_NORMAL	16	4	16	10000	1.663909e-03	1.783375e-04
RANDOM_NORMAL	2	4	16	10000	4.674062e-01	1.616844e-02
CONSTANT	2	4	1	10000	2.762898e-01	3.484561e-03
RANDOM_UNIFORM	16	8	256	100	7.682286e-02	5.820036e-03
RANDOM_UNIFORM	16	8	16	100	8.807260e-03	5.082591e-04
RANDOM_UNIFORM	2	8	16	100	5.068262e-01	1.813863e-02
RANDOM_UNIFORM	8	8	1	100	1.303845e-02	5.046880e-04
BINARY	8	8	16	100	6.664624e-03	2.664252e-04
RANDOM_UNIFORM	4	8	256	100	2.630169e-01	8.756428e-03
CONSTANT	4	8	256	100	3.415078e-01	9.567685e-03
CONSTANT	16	8	256	100	1.677756e-01	8.132828e-03
RANDOM_UNIFORM	4	8	16	100	1.544638e-01	4.292217e-03
CONSTANT	4	8	16	100	2.657297e-01	1.116803e-02
CONSTANT	16	8	16	100	9.098112e-02	3.158401e-03
RANDOM_NORMAL	16	8	256	100	9.211554e-02	4.996630e-03
RANDOM_NORMAL	4	8	1	100	8.740619e-02	1.926392e-03
BINARY	4	8	256	100	2.297471e-01	1.021341e-02
BINARY	4	8	16	100	7.036179e-02	2.234814e-03
BINARY	8	8	256	100	7.986508e-02	4.548790e-03
CONSTANT	8	8	16	100	1.276345e-01	4.824544e-03
RANDOM_NORMAL	8	8	1	100	1.021537e-02	4.155457e-04
RANDOM_UNIFORM	2	8	256	100	5.367584e-01	1.808056e-02
BINARY	16	8	1	100	4.483895e-04	2.420389e-05
RANDOM_NORMAL	16	8	16	100	7.222999e-03	3.206427e-04
CONSTANT	2	8	256	100	4.793039e-01	1.155981e-02
BINARY	2	8	256	100	3.429378e-01	9.032798e-03
CONSTANT	2	8	16	100	4.792398e-01	1.052927e-02
RANDOM_NORMAL	2	8	1	100	3.020049e-01	5.114716e-03
CONSTANT	8	8	256	100	2.399405e-01	9.376132e-03
RANDOM_UNIFORM	16	8	1	100	2.655042e-03	1.294979e-04
BINARY	2	8	16	100	2.992942e-01	6.538323e-03
RANDOM_UNIFORM	8	8	16	100	2.684293e-02	9.271450e-04
RANDOM_UNIFORM	2	8	1	100	3.374282e-01	4.305860e-03
RANDOM_UNIFORM	4	8	1	100	7.422449e-02	1.269813e-03
CONSTANT	4	8	1	100	1.415248e-01	9.360332e-04
CONSTANT	16	8	1	100	3.574280e-02	2.952309e-04
RANDOM_NORMAL	4	8	256	100	2.707659e-01	1.045549e-02
CONSTANT	8	8	1	100	6.691247e-02	8.321691e-04
RANDOM_NORMAL	8	8	256	100	1.297238e-01	6.879090e-03
RANDOM_NORMAL	16	8	1	100	1.619896e-03	5.896571e-05
BINARY	16	8	256	100	9.197573e-02	4.380592e-03
BINARY	16	8	16	100	2.716452e-02	8.774161e-04
RANDOM_UNIFORM	8	8	256	100	1.229398e-01	7.488348e-03
BINARY	4	8	1	100	4.126181e-02	5.907890e-04
BINARY	8	8	1	100	2.306248e-03	1.926068e-05
RANDOM_NORMAL	4	8	16	100	1.609346e-01	4.751209e-03
RANDOM_NORMAL	8	8	16	100	2.282828e-02	7.516600e-04
CONSTANT	2	8	1	100	2.981992e-01	3.284707e-03
RANDOM_NORMAL	2	8	256	100	5.699044e-01	1.795408e-02
BINARY	2	8	1	100	1.840245e-01	1.916778e-03
RANDOM_NORMAL	2	8	16	100	5.777488e-01	1.344120e-02
CONSTANT	2	8	16	1000	5.821514e-01	1.825628e-02
RANDOM_NORMAL	2	8	1	1000	3.167393e-01	4.364521e-03
CONSTANT	8	8	256	1000	3.143926e-01	1.213556e-02
RANDOM_UNIFORM	16	8	1	1000	1.679718e-03	8.965695e-05
BINARY	2	8	16	1000	2.688270e-01	6.035435e-03
RANDOM_UNIFORM	8	8	16	1000	2.612159e-02	1.438702e-03
RANDOM_UNIFORM	2	8	1	1000	2.401563e-01	4.748312e-03
RANDOM_UNIFORM	4	8	1	1000	6.906444e-02	1.451707e-03
CONSTANT	4	8	1	1000	1.331024e-01	2.084700e-03
CONSTANT	16	8	1	1000	3.424610e-02	2.486258e-04
RANDOM_NORMAL	4	8	256	1000	2.514181e-01	1.014141e-02
CONSTANT	8	8	1	1000	7.135800e-02	7.893369e-04
RANDOM_NORMAL	8	8	256	1000	7.889097e-02	4.594807e-03
RANDOM_NORMAL	16	8	1	1000	8.593091e-04	3.669543e-05
BINARY	16	8	256	1000	2.727053e-02	1.689083e-03
BINARY	16	8	16	1000	1.950117e-03	1.175960e-04
RANDOM_UNIFORM	8	8	256	1000	1.388663e-01	5.465777e-03
BINARY	4	8	1	1000	3.823040e-02	5.112333e-04
BINARY	8	8	1	1000	2.340371e-03	2.027749e-05
RANDOM_NORMAL	4	8	16	1000	1.676142e-01	7.068809e-03
RANDOM_NORMAL	8	8	16	1000	2.458269e-02	1.070991e-03
CONSTANT	2	8	1	1000	3.044218e-01	3.069979e-03
RANDOM_NORMAL	2	8	256	1000	5.176067e-01	1.105200e-02
BINARY	2	8	1	1000	1.749061e-01	2.972935e-03
RANDOM_NORMAL	2	8	16	1000	4.553822e-01	1.174236e-02
RANDOM_UNIFORM	16	8	256	1000	4.537605e-02	2.866074e-03
RANDOM_UNIFORM	16	8	16	1000	3.708660e-03	1.961091e-04
RANDOM_UNIFORM	2	8	16	1000	5.479980e-01	1.721457e-02
RANDOM_UNIFORM	8	8	1	1000	1.358140e-02	4.050998e-04
RANDOM_UNIFORM	4	8	256	1000	3.496609e-01	1.185281e-02
CONSTANT	4	8	256	1000	4.182380e-01	1.016729e-02
CONSTANT	16	8	256	1000	1.505706e-01	7.846544e-03
RANDOM_UNIFORM	4	8	16	1000	1.719984e-01	6.886692e-03
CONSTANT	4	8	16	1000	2.472025e-01	7.785582e-03
CONSTANT	16	8	16	1000	8.227857e-02	2.885154e-03
RANDOM_NORMAL	16	8	256	1000	2.885800e-02	1.224279e-03
RANDOM_NORMAL	4	8	1	1000	1.043677e-01	3.011941e-03
BINARY	4	8	256	1000	2.007807e-01	9.308778e-03
BINARY	4	8	16	1000	8.901945e-02	2.817803e-03
BINARY	8	8	256	1000	3.450833e-02	2.467373e-03
CONSTANT	8	8	16	1000	1.484076e-01	6.468863e-03
RANDOM_NORMAL	8	8	1	1000	5.791745e-03	1.660346e-04
BINARY	8	8	16	1000	5.244499e-03	2.233143e-04
RANDOM_UNIFORM	2	8	256	1000	5.497173e-01	1.929936e-02
BINARY	16	8	1	1000	1.087780e-04	2.228135e-06
RANDOM_NORMAL	16	8	16	1000	2.768999e-03	1.101672e-04
CONSTANT	2	8	256	1000	6.496336e-01	1.843573e-02
BINARY	2	8	256	1000	4.332846e-01	1.008157e-02
BINARY	16	8	256	10000	2.452808e-02	1.007817e-03
BINARY	16	8	16	10000	1.515774e-03	5.790113e-05
RANDOM_UNIFORM	8	8	256	10000	1.159233e-01	5.611903e-03
BINARY	4	8	1	10000	4.175067e-02	4.402040e-04
BINARY	8	8	1	10000	2.241603e-03	2.080097e-05
RANDOM_NORMAL	4	8	16	10000	1.945677e-01	4.636209e-03
RANDOM_NORMAL	8	8	16	10000	2.013685e-02	9.010245e-04
RANDOM_UNIFORM	2	8	1	10000	2.737999e-01	6.272311e-03
RANDOM_NORMAL	2	8	256	10000	4.956738e-01	1.222165e-02
BINARY	2	8	1	10000	1.975290e-01	2.586932e-03
RANDOM_NORMAL	2	8	16	10000	5.964036e-01	1.270632e-02
RANDOM_UNIFORM	16	8	256	10000	3.019705e-02	1.841520e-03
RANDOM_UNIFORM	16	8	16	10000	3.718374e-03	2.065038e-04
RANDOM_NORMAL	4	8	256	10000	1.900871e-01	1.067301e-02
CONSTANT	8	8	1	10000	7.156068e-02	6.861579e-04
RANDOM_UNIFORM	4	8	256	10000	2.432310e-01	1.307716e-02
CONSTANT	4	8	256	10000	3.029465e-01	8.715277e-03
CONSTANT	16	8	256	10000	1.575569e-01	1.113057e-02
CONSTANT	2	8	1	10000	2.842680e-01	3.460386e-03
RANDOM_UNIFORM	4	8	16	10000	2.066243e-01	8.172346e-03
CONSTANT	4	8	16	10000	2.843495e-01	8.597752e-03
CONSTANT	16	8	16	10000	7.808269e-02	2.469551e-03
RANDOM_NORMAL	16	8	256	10000	1.453238e-02	9.342420e-04
RANDOM_NORMAL	4	8	1	10000	8.065637e-02	1.762159e-03
BINARY	4	8	16	10000	7.670556e-02	2.706289e-03
BINARY	8	8	256	10000	3.859097e-02	1.870303e-03
RANDOM_NORMAL	8	8	1	10000	1.058820e-02	4.631668e-04
RANDOM_UNIFORM	2	8	256	10000	4.594307e-01	1.653737e-02
BINARY	8	8	16	10000	5.494969e-03	1.343424e-04
RANDOM_UNIFORM	2	8	16	10000	4.488114e-01	1.353741e-02
BINARY	16	8	1	10000	1.362196e-04	2.267003e-06
RANDOM_UNIFORM	8	8	1	10000	1.207134e-02	3.287063e-04
RANDOM_NORMAL	16	8	16	10000	3.994325e-03	2.099277e-04
BINARY	2	8	256	10000	3.403769e-01	9.996877e-03
RANDOM_NORMAL	2	8	1	10000	3.338579e-01	4.487470e-03
CONSTANT	8	8	256	10000	2.205879e-01	8.171072e-03
RANDOM_UNIFORM	16	8	1	10000	1.595590e-03	1.249412e-04
RANDOM_UNIFORM	8	8	16	10000	3.398505e-02	1.330385e-03
BINARY	2	8	16	10000	3.161974e-01	6.380398e-03
BINARY	4	8	256	10000	2.504585e-01	1.488136e-02
CONSTANT	8	8	16	10000	1.495375e-01	4.803843e-03
RANDOM_UNIFORM	4	8	1	10000	8.215063e-02	2.125168e-03
CONSTANT	4	8	1	10000	1.375293e-01	2.085893e-03
CONSTANT	16	8	1	10000	3.540957e-02	4.330738e-04
CONSTANT	2	8	256	10000	6.030905e-01	1.635543e-02
CONSTANT	2	8	16	10000	4.078326e-01	8.995840e-03
RANDOM_NORMAL	8	8	256	10000	1.103054e-01	6.142492e-03
RANDOM_NORMAL	16	8	1	10000	7.266497e-04	4.856752e-05
BINARY	8	16	256	100	1.418337e-01	7.445228e-03
RANDOM_NORMAL	16	16	256	100	7.328268e-02	2.782014e-03
RANDOM_NORMAL	16	16	16	100	2.315202e-02	1.128152e-03
CONSTANT	4	16	256	100	2.917318e-01	4.735640e-03
CONSTANT	4	16	16	100	2.388031e-01	6.336416e-03
RANDOM_UNIFORM	2	16	256	100	5.292781e-01	1.346477e-02
BINARY	16	16	1	100	6.049901e-03	1.987438e-04
RANDOM_UNIFORM	8	16	1	100	1.881947e-02	4.820411e-04
RANDOM_UNIFORM	16	16	16	100	1.568710e-02	7.315201e-04
CONSTANT	2	16	1	100	2.878593e-01	2.167119e-03
RANDOM_NORMAL	8	16	1	100	1.842307e-02	1.121783e-03
RANDOM_UNIFORM	2	16	16	100	4.382487e-01	6.418245e-03
RANDOM_NORMAL	4	16	256	100	2.792895e-01	7.433659e-03
BINARY	2	16	256	100	3.292494e-01	6.061167e-03
RANDOM_UNIFORM	16	16	1	100	3.823330e-03	5.875436e-05
CONSTANT	16	16	256	100	1.638975e-01	7.119805e-03
CONSTANT	16	16	16	100	6.188879e-02	1.050902e-03
BINARY	2	16	16	100	2.772072e-01	6.647103e-03
RANDOM_UNIFORM	8	16	16	100	5.150586e-02	1.974510e-03
RANDOM_NORMAL	2	16	1	100	3.057995e-01	3.018644e-03
RANDOM_NORMAL	4	16	16	100	1.759907e-01	3.714172e-03
BINARY	4	16	256	100	1.094953e-01	3.889376e-03
BINARY	4	16	16	100	7.915938e-02	2.511725e-03
RANDOM_UNIFORM	4	16	1	100	8.606627e-02	1.167557e-03
CONSTANT	8	16	256	100	2.503550e-01	6.349919e-03
BINARY	16	16	256	100	1.484146e-01	6.318743e-03
RANDOM_UNIFORM	8	16	256	100	1.348544e-01	4.038556e-03
BINARY	4	16	1	100	4.042549e-02	4.919387e-04
CONSTANT	8	16	16	100	1.305041e-01	3.510960e-03
CONSTANT	4	16	1	100	1.398791e-01	9.117848e-04
RANDOM_NORMAL	8	16	16	100	3.792750e-02	9.408293e-04
RANDOM_NORMAL	16	16	1	100	3.246610e-03	3.720798e-05
BINARY	16	16	16	100	9.705878e-02	3.494688e-03
BINARY	8	16	16	100	4.685830e-02	1.319942e-03
BINARY	8	16	1	100	4.109076e-03	5.034087e-05
RANDOM_UNIFORM	2	16	1	100	2.670798e-01	2.936980e-03
CONSTANT	2	16	256	100	5.485565e-01	1.014446e-02
RANDOM_NORMAL	2	16	256	100	5.327991e-01	9.844244e-03
CONSTANT	2	16	16	100	4.466833e-01	6.917086e-03
RANDOM_NORMAL	4	16	1	100	8.949798e-02	1.682155e-03
CONSTANT	16	16	1	100	3.509704e-02	1.856862e-04
BINARY	2	16	1	100	1.849270e-01	1.986053e-03
RANDOM_NORMAL	2	16	16	100	4.581957e-01	1.116890e-02
RANDOM_NORMAL	8	16	256	100	1.156682e-01	5.797239e-03
RANDOM_UNIFORM	4	16	256	100	2.036317e-01	5.559206e-03
RANDOM_UNIFORM	4	16	16	100	1.567958e-01	5.565123e-03
CONSTANT	8	16	1	100	7.366243e-02	5.096239e-04
RANDOM_UNIFORM	16	16	256	100	9.508690e-02	5.347382e-03
BINARY	16	16	256	1000	1.518836e-01	7.090225e-03
RANDOM_UNIFORM	8	16	256	1000	1.489244e-01	6.388815e-03
RANDOM_UNIFORM	16	16	1	1000	2.623678e-03	7.124418e-05
BINARY	4	16	1	1000	3.836239e-02	3.365627e-04
BINARY	8	16	16	1000	1.369054e-02	7.030607e-04
CONSTANT	8	16	16	1000	1.310631e-01	2.113886e-03
CONSTANT	4	16	1	1000	1.371774e-01	7.027630e-04
RANDOM_NORMAL	8	16	16	1000	3.085983e-02	8.010929e-04
RANDOM_NORMAL	16	16	1	1000	2.325221e-03	5.225053e-05
BINARY	16	16	16	1000	5.758391e-02	1.136665e-03
BINARY	8	16	1	1000	2.282547e-03	9.889068e-06
RANDOM_UNIFORM	2	16	1	1000	2.830910e-01	3.343323e-03
CONSTANT	2	16	256	1000	5.197238e-01	7.584529e-03
RANDOM_NORMAL	2	16	256	1000	4.560158e-01	8.693418e-03
CONSTANT	2	16	16	1000	4.449219e-01	6.529464e-03
RANDOM_NORMAL	4	16	1	1000	8.726345e-02	2.919420e-03
CONSTANT	16	16	1	1000	3.551212e-02	2.749726e-04
BINARY	2	16	1	1000	1.869430e-01	1.904436e-03
RANDOM_NORMAL	2	16	16	1000	4.627373e-01	6.942639e-03
RANDOM_NORMAL	8	16	256	1000	1.114407e-01	6.462313e-03
RANDOM_UNIFORM	4	16	256	1000	2.187927e-01	6.579589e-03
RANDOM_UNIFORM	4	16	16	1000	1.434484e-01	3.273517e-03
CONSTANT	8	16	1	1000	7.064978e-02	3.519352e-04
RANDOM_UNIFORM	16	16	256	1000	1.075560e-01	4.472963e-03
RANDOM_NORMAL	16	16	256	1000	8.561516e-02	5.725363e-03
RANDOM_NORMAL	16	16	16	1000	9.235983e-03	6.049065e-04
BINARY	8	16	256	1000	6.691110e-02	2.913117e-03
CONSTANT	4	16	256	1000	3.382109e-01	9.988155e-03
RANDOM_UNIFORM	2	16	256	1000	6.053241e-01	1.212958e-02
CONSTANT	4	16	16	1000	2.217974e-01	3.898989e-03
BINARY	16	16	1	1000	2.863136e-03	1.837732e-04
RANDOM_UNIFORM	8	16	1	1000	1.419095e-02	4.326680e-04
RANDOM_UNIFORM	16	16	16	1000	8.645991e-03	3.591574e-04
CONSTANT	2	16	1	1000	2.787239e-01	1.163075e-03
RANDOM_NORMAL	8	16	1	1000	1.068786e-02	3.049172e-04
RANDOM_UNIFORM	2	16	16	1000	5.185193e-01	1.181237e-02
RANDOM_NORMAL	4	16	256	1000	2.631299e-01	9.807017e-03
BINARY	2	16	256	1000	2.770236e-01	5.080242e-03
CONSTANT	16	16	256	1000	1.151121e-01	4.103600e-03
CONSTANT	16	16	16	1000	6.196713e-02	1.295996e-03
BINARY	2	16	16	1000	3.220474e-01	6.577582e-03
RANDOM_UNIFORM	8	16	16	1000	4.136268e-02	9.952927e-04
RANDOM_NORMAL	2	16	1	1000	2.713652e-01	4.295418e-03
RANDOM_NORMAL	4	16	16	1000	2.127457e-01	5.735239e-03
BINARY	4	16	256	1000	1.486847e-01	6.877959e-03
BINARY	4	16	16	1000	8.034846e-02	1.620807e-03
RANDOM_UNIFORM	4	16	1	1000	8.041604e-02	1.925068e-03
CONSTANT	8	16	256	1000	1.972410e-01	5.968322e-03
BINARY	4	16	1	10000	3.740738e-02	3.173651e-04
RANDOM_NORMAL	8	16	256	10000	9.525371e-02	4.010074e-03
RANDOM_NORMAL	8	16	16	10000	2.763478e-02	1.024439e-03
RANDOM_UNIFORM	4	16	256	10000	2.335604e-01	5.996846e-03
RANDOM_UNIFORM	4	16	16	10000	1.639765e-01	4.508525e-03
RANDOM_NORMAL	2	16	256	10000	4.300644e-01	1.116156e-02
CONSTANT	8	16	1	10000	7.522277e-02	4.064509e-04
RANDOM_UNIFORM	16	16	256	10000	5.768193e-02	2.758815e-03
RANDOM_NORMAL	16	16	16	10000	8.081379e-03	8.082696e-04
BINARY	8	16	256	10000	5.672180e-02	2.419047e-03
CONSTANT	4	16	256	10000	3.320974e-01	8.851118e-03
BINARY	8	16	16	10000	8.953702e-03	3.943274e-04
CONSTANT	4	16	16	10000	2.586408e-01	5.122007e-03
RANDOM_UNIFORM	2	16	256	10000	6.062899e-01	1.112254e-02
BINARY	16	16	1	10000	3.800844e-04	2.037498e-05
RANDOM_UNIFORM	8	16	1	10000	1.099196e-02	2.646154e-04
RANDOM_UNIFORM	16	16	16	10000	7.709020e-03	1.781233e-04
CONSTANT	2	16	1	10000	2.845748e-01	2.354053e-03
RANDOM_UNIFORM	2	16	16	10000	4.005668e-01	6.987284e-03
RANDOM_NORMAL	4	16	256	10000	1.934722e-01	5.671957e-03
CONSTANT	16	16	256	10000	1.392683e-01	5.205381e-03
CONSTANT	16	16	16	10000	7.186929e-02	1.744776e-03
BINARY	2	16	16	10000	2.977873e-01	4.042346e-03
RANDOM_NORMAL	4	16	16	10000	2.023144e-01	5.207976e-03
BINARY	4	16	256	10000	1.464371e-01	4.807947e-03
RANDOM_NORMAL	16	16	256	10000	6.773158e-02	2.466931e-03
BINARY	4	16	16	10000	9.091493e-02	1.876780e-03
RANDOM_UNIFORM	4	16	1	10000	7.670003e-02	9.641508e-04
CONSTANT	8	16	256	10000	1.711107e-01	7.831586e-03
RANDOM_NORMAL	8	16	1	10000	1.059534e-02	3.408737e-04
BINARY	2	16	256	10000	3.322987e-01	7.017292e-03
BINARY	16	16	256	10000	1.182696e-01	5.209644e-03
RANDOM_UNIFORM	8	16	256	10000	7.560240e-02	5.229887e-03
RANDOM_UNIFORM	16	16	1	10000	2.341564e-03	7.034963e-05
CONSTANT	8	16	16	10000	1.263747e-01	2.228533e-03
CONSTANT	4	16	1	10000	1.457823e-01	1.073867e-03
RANDOM_UNIFORM	8	16	16	10000	2.789574e-02	6.643399e-04
RANDOM_NORMAL	16	16	1	10000	1.912989e-03	6.710380e-05
RANDOM_NORMAL	2	16	1	10000	2.846442e-01	3.381861e-03
BINARY	16	16	16	10000	3.518077e-02	1.713208e-03
BINARY	8	16	1	10000	2.344661e-03	1.169502e-05
RANDOM_UNIFORM	2	16	1	10000	2.617632e-01	2.767565e-03
CONSTANT	2	16	256	10000	4.444683e-01	1.268312e-02
CONSTANT	2	16	16	10000	4.261052e-01	6.547023e-03
RANDOM_NORMAL	4	16	1	10000	1.051791e-01	1.630547e-03
CONSTANT	16	16	1	10000	3.697307e-02	2.572379e-04
BINARY	2	16	1	10000	1.785472e-01	1.890384e-03
RANDOM_NORMAL	2	16	16	10000	4.260556e-01	9.097675e-03
BINARY	2	32	1	100	1.820739e-01	1.784025e-03
RANDOM_NORMAL	16	32	16	100	4.920899e-02	1.284208e-03
CONSTANT	8	32	256	100	1.788696e-01	3.326892e-03
RANDOM_NORMAL	8	32	1	100	1.932346e-02	1.659477e-04
CONSTANT	4	32	16	100	2.267436e-01	3.530496e-03
BINARY	16	32	1	100	2.845598e-02	4.951962e-04
RANDOM_UNIFORM	8	32	1	100	2.124890e-02	1.753148e-04
RANDOM_NORMAL	2	32	16	100	4.824445e-01	8.303649e-03
BINARY	16	32	256	100	2.387948e-01	4.801179e-03
CONSTANT	8	32	16	100	1.246886e-01	2.240722e-03
RANDOM_UNIFORM	16	32	1	100	5.459859e-03	4.456350e-05
BINARY	8	32	1	100	1.723094e-02	3.155726e-04
CONSTANT	2	32	256	100	5.449181e-01	6.466799e-03
RANDOM_UNIFORM	2	32	1	100	2.923231e-01	1.815590e-03
CONSTANT	2	32	16	100	4.293746e-01	4.137445e-03
BINARY	4	32	256	100	1.399556e-01	3.972415e-03
RANDOM_UNIFORM	4	32	1	100	8.725300e-02	9.945387e-04
CONSTANT	16	32	1	100	3.572792e-02	1.608176e-04
BINARY	4	32	16	100	9.625238e-02	1.690872e-03
RANDOM_NORMAL	4	32	1	100	9.786546e-02	1.360429e-03
BINARY	2	32	256	100	3.128342e-01	4.071178e-03
CONSTANT	4	32	1	100	1.470351e-01	5.381002e-04
BINARY	8	32	16	100	1.072329e-01	2.900696e-03
RANDOM_NORMAL	8	32	256	100	1.409420e-01	4.306595e-03
RANDOM_NORMAL	8	32	16	100	6.172666e-02	1.598583e-03
RANDOM_NORMAL	16	32	1	100	4.948829e-03	2.358405e-05
BINARY	16	32	16	100	1.571761e-01	2.586861e-03
RANDOM_UNIFORM	4	32	16	100	1.852052e-01	4.880473e-03
RANDOM_NORMAL	2	32	1	100	2.907381e-01	1.671831e-03
RANDOM_UNIFORM	8	32	256	100	1.431703e-01	4.841172e-03
BINARY	2	32	16	100	3.087519e-01	3.996704e-03
RANDOM_UNIFORM	8	32	16	100	7.137587e-02	2.028665e-03
CONSTANT	8	32	1	100	7.025417e-02	3.555099e-04
RANDOM_UNIFORM	16	32	256	100	1.000604e-01	5.161068e-03
RANDOM_UNIFORM	16	32	16	100	3.195792e-02	8.323709e-04
CONSTANT	2	32	1	100	2.935603e-01	1.662376e-03
RANDOM_UNIFORM	2	32	256	100	4.725774e-01	6.883112e-03
RANDOM_UNIFORM	2	32	16	100	4.546775e-01	5.227717e-03
RANDOM_NORMAL	4	32	256	100	2.448473e-01	5.258979e-03
CONSTANT	16	32	256	100	1.167100e-01	4.089337e-03
RANDOM_UNIFORM	4	32	256	100	2.269519e-01	4.681391e-03
BINARY	4	32	1	100	3.902931e-02	2.661196e-04
RANDOM_NORMAL	4	32	16	100	1.787560e-01	3.819669e-03
CONSTANT	16	32	16	100	7.073895e-02	1.286505e-03
RANDOM_NORMAL	16	32	256	100	1.176711e-01	3.951970e-03
RANDOM_NORMAL	2	32	256	100	5.594224e-01	6.785858e-03
BINARY	8	32	256	100	1.772417e-01	4.509715e-03
CONSTANT	4	32	256	100	2.717849e-01	4.882961e-03
BINARY	2	32	256	1000	3.190132e-01	5.781128e-03
CONSTANT	4	32	1	1000	1.433507e-01	8.541873e-04
RANDOM_NORMAL	8	32	256	1000	1.493830e-01	6.066265e-03
RANDOM_NORMAL	8	32	16	1000	5.319417e-02	1.287440e-03
RANDOM_NORMAL	16	32	1	1000	3.544342e-03	2.789570e-05
BINARY	16	32	16	1000	1.819921e-01	4.050413e-03
RANDOM_UNIFORM	4	32	16	1000	1.503593e-01	2.759871e-03
RANDOM_NORMAL	2	32	1	1000	2.830072e-01	2.217460e-03
BINARY	2	32	16	1000	2.758932e-01	3.984840e-03
RANDOM_UNIFORM	8	32	256	1000	1.212284e-01	4.091359e-03
RANDOM_UNIFORM	8	32	16	1000	5.557815e-02	1.294847e-03
CONSTANT	8	32	1	1000	7.434124e-02	3.514521e-04
RANDOM_UNIFORM	16	32	256	1000	1.063842e-01	3.248493e-03
RANDOM_UNIFORM	16	32	16	1000	2.370834e-02	5.736391e-04
CONSTANT	2	32	1	1000	2.831889e-01	1.238520e-03
RANDOM_UNIFORM	2	32	256	1000	5.153553e-01	5.763439e-03
RANDOM_UNIFORM	2	32	16	1000	3.977360e-01	6.645437e-03
RANDOM_NORMAL	4	32	256	1000	2.455844e-01	6.335998e-03
CONSTANT	16	32	256	1000	1.419818e-01	5.720673e-03
RANDOM_UNIFORM	4	32	256	1000	1.946075e-01	6.398338e-03
BINARY	4	32	1	1000	3.941467e-02	3.183524e-04
RANDOM_NORMAL	4	32	16	1000	1.552614e-01	3.186644e-03
CONSTANT	16	32	16	1000	5.755388e-02	1.079445e-03
RANDOM_NORMAL	16	32	256	1000	8.865036e-02	3.505968e-03
RANDOM_NORMAL	2	32	256	1000	5.235898e-01	9.069917e-03
CONSTANT	4	32	256	1000	2.915740e-01	7.210574e-03
BINARY	2	32	1	1000	1.905072e-01	1.504533e-03
RANDOM_NORMAL	16	32	16	1000	2.048654e-02	7.285603e-04
CONSTANT	8	32	256	1000	1.702210e-01	2.707688e-03
RANDOM_NORMAL	8	32	1	1000	1.540167e-02	2.151977e-04
BINARY	8	32	16	1000	9.010330e-02	2.502294e-03
CONSTANT	4	32	16	1000	2.496605e-01	4.298805e-03
BINARY	16	32	1	1000	2.666927e-02	2.950991e-04
RANDOM_UNIFORM	8	32	1	1000	1.755785e-02	1.614770e-04
RANDOM_NORMAL	2	32	16	1000	5.000654e-01	7.777495e-03
BINARY	16	32	256	1000	2.497716e-01	6.610765e-03
CONSTANT	8	32	16	1000	1.334123e-01	2.080491e-03
RANDOM_UNIFORM	16	32	1	1000	4.728982e-03	4.710632e-05
BINARY	8	32	1	1000	1.096409e-02	4.599930e-04
CONSTANT	2	32	256	1000	4.837887e-01	7.244788e-03
RANDOM_UNIFORM	2	32	1	1000	2.847417e-01	2.288269e-03
CONSTANT	2	32	16	1000	4.079084e-01	4.094608e-03
BINARY	4	32	256	1000	1.018889e-01	3.843617e-03
RANDOM_UNIFORM	4	32	1	1000	8.536013e-02	7.804941e-04
CONSTANT	16	32	1	1000	3.616392e-02	1.891737e-04
BINARY	4	32	16	1000	6.894641e-02	1.341500e-03
RANDOM_NORMAL	4	32	1	1000	7.898412e-02	8.509090e-04
BINARY	8	32	256	1000	1.468181e-01	5.698021e-03
RANDOM_UNIFORM	4	32	256	10000	2.259580e-01	6.027742e-03
RANDOM_UNIFORM	4	32	16	10000	1.789802e-01	3.371978e-03
BINARY	4	32	1	10000	3.854918e-02	2.851817e-04
RANDOM_NORMAL	4	32	16	10000	1.721419e-01	3.451856e-03
CONSTANT	16	32	16	10000	6.299819e-02	9.925526e-04
RANDOM_NORMAL	16	32	256	10000	9.974016e-02	3.325051e-03
RANDOM_NORMAL	2	32	256	10000	5.192812e-01	6.623620e-03
BINARY	8	32	256	10000	1.288824e-01	2.961702e-03
CONSTANT	4	32	256	10000	3.120227e-01	5.736273e-03
BINARY	2	32	1	10000	1.953810e-01	1.687238e-03
RANDOM_NORMAL	16	32	16	10000	1.747880e-02	8.126508e-04
CONSTANT	8	32	256	10000	1.748434e-01	4.499899e-03
RANDOM_NORMAL	8	32	1	10000	1.533657e-02	1.986633e-04
BINARY	8	32	16	10000	7.703446e-02	1.804273e-03
CONSTANT	4	32	16	10000	2.420574e-01	5.159747e-03
BINARY	16	32	1	10000	1.714236e-02	5.296030e-04
RANDOM_UNIFORM	8	32	1	10000	1.481576e-02	2.596462e-04
RANDOM_NORMAL	2	32	16	10000	4.356197e-01	5.397791e-03
CONSTANT	8	32	16	10000	1.316811e-01	2.971268e-03
RANDOM_UNIFORM	16	32	1	10000	3.551978e-03	3.001612e-05
CONSTANT	2	32	256	10000	4.964374e-01	5.772952e-03
RANDOM_UNIFORM	2	32	1	10000	2.851665e-01	2.744511e-03
CONSTANT	2	32	16	10000	4.025249e-01	4.976466e-03
BINARY	4	32	256	10000	1.311252e-01	5.462498e-03
RANDOM_UNIFORM	4	32	1	10000	8.362645e-02	1.176262e-03
CONSTANT	16	32	1	10000	3.727804e-02	1.316986e-04
BINARY	4	32	16	10000	6.605320e-02	1.373135e-03
RANDOM_NORMAL	4	32	1	10000	9.731663e-02	1.323963e-03
BINARY	16	32	256	10000	2.104050e-01	4.369333e-03
BINARY	2	32	256	10000	2.916738e-01	4.371894e-03
CONSTANT	4	32	1	10000	1.442136e-01	7.388885e-04
RANDOM_NORMAL	8	32	256	10000	6.516506e-02	2.470912e-03
RANDOM_NORMAL	8	32	16	10000	4.018223e-02	9.220459e-04
RANDOM_NORMAL	16	32	1	10000	3.033489e-03	5.783921e-05
BINARY	16	32	16	10000	1.145468e-01	3.211421e-03
RANDOM_NORMAL	2	32	1	10000	2.994119e-01	2.672069e-03
BINARY	8	32	1	10000	4.122568e-03	1.010822e-04
BINARY	2	32	16	10000	2.993693e-01	2.568087e-03
RANDOM_UNIFORM	8	32	256	10000	9.110254e-02	5.435977e-03
RANDOM_UNIFORM	8	32	16	10000	3.521855e-02	8.109885e-04
CONSTANT	8	32	1	10000	7.395867e-02	4.634781e-04
RANDOM_UNIFORM	16	32	256	10000	8.626715e-02	2.840552e-03
RANDOM_UNIFORM	16	32	16	10000	1.663699e-02	6.195487e-04
CONSTANT	2	32	1	10000	2.932639e-01	1.256283e-03
RANDOM_UNIFORM	2	32	256	10000	4.984162e-01	6.596707e-03
RANDOM_UNIFORM	2	32	16	10000	4.385605e-01	7.517671e-03
RANDOM_NORMAL	4	32	256	10000	2.366602e-01	7.665960e-03
CONSTANT	16	32	256	10000	1.046708e-01	3.275394e-03
BINARY	8	64	16	100	1.767655e-01	2.832045e-03
CONSTANT	16	64	256	100	1.117226e-01	1.898256e-03
RANDOM_NORMAL	16	64	16	100	5.673146e-02	1.275126e-03
CONSTANT	2	64	256	100	4.709553e-01	4.822105e-03
CONSTANT	2	64	16	100	4.358673e-01	4.621812e-03
CONSTANT	8	64	1	100	7.339031e-02	2.112561e-04
RANDOM_UNIFORM	2	64	256	100	4.602891e-01	4.303730e-03
BINARY	2	64	256	100	3.154225e-01	3.782724e-03
RANDOM_UNIFORM	2	64	16	100	4.849830e-01	4.225940e-03
RANDOM_NORMAL	2	64	1	100	2.933587e-01	1.349870e-03
CONSTANT	16	64	1	100	3.566542e-02	1.318017e-04
RANDOM_UNIFORM	4	64	256	100	2.591607e-01	2.903818e-03
BINARY	8	64	1	100	3.389705e-02	5.146416e-04
BINARY	4	64	1	100	4.737290e-02	1.912363e-04
BINARY	16	64	1	100	5.286010e-02	4.233477e-04
RANDOM_UNIFORM	4	64	16	100	1.945419e-01	1.676428e-03
BINARY	2	64	1	100	1.900776e-01	1.024041e-03
RANDOM_NORMAL	2	64	16	100	4.821202e-01	4.713423e-03
RANDOM_NORMAL	4	64	256	100	2.587397e-01	5.060681e-03
CONSTANT	4	64	256	100	2.770574e-01	4.194289e-03
RANDOM_UNIFORM	16	64	256	100	1.392807e-01	3.103427e-03
RANDOM_NORMAL	8	64	256	100	1.347740e-01	2.474707e-03
RANDOM_NORMAL	8	64	16	100	8.579704e-02	1.803211e-03
CONSTANT	4	64	16	100	2.356810e-01	2.068097e-03
RANDOM_NORMAL	16	64	1	100	6.521440e-03	5.182458e-05
RANDOM_UNIFORM	8	64	1	100	2.748928e-02	1.550058e-04
CONSTANT	8	64	256	100	1.491473e-01	1.457159e-03
CONSTANT	8	64	16	100	1.210280e-01	1.311389e-03
RANDOM_NORMAL	4	64	16	100	2.108341e-01	2.613245e-03
RANDOM_UNIFORM	16	64	16	100	6.490897e-02	1.465374e-03
CONSTANT	2	64	1	100	2.813770e-01	6.164205e-04
RANDOM_NORMAL	2	64	256	100	5.511415e-01	6.698080e-03
RANDOM_UNIFORM	2	64	1	100	2.923747e-01	1.353326e-03
CONSTANT	16	64	16	100	6.536988e-02	1.508440e-03
BINARY	4	64	256	100	2.106273e-01	3.128688e-03
RANDOM_UNIFORM	4	64	1	100	9.721674e-02	1.117057e-03
BINARY	16	64	256	100	2.943051e-01	3.144586e-03
BINARY	4	64	16	100	1.128362e-01	1.647317e-03
BINARY	16	64	16	100	2.634594e-01	3.770731e-03
BINARY	2	64	16	100	2.789650e-01	1.567659e-03
RANDOM_NORMAL	16	64	256	100	1.246114e-01	2.208039e-03
RANDOM_NORMAL	4	64	1	100	1.031511e-01	1.176169e-03
RANDOM_UNIFORM	8	64	256	100	1.498101e-01	2.925839e-03
BINARY	8	64	256	100	2.464608e-01	4.599974e-03
CONSTANT	4	64	1	100	1.434571e-01	4.186564e-04
RANDOM_UNIFORM	16	64	1	100	7.621198e-03	3.533795e-05
RANDOM_UNIFORM	8	64	16	100	9.571163e-02	1.523807e-03
RANDOM_NORMAL	8	64	1	100	2.419807e-02	1.273632e-04
RANDOM_NORMAL	8	64	256	1000	1.341590e-01	3.330193e-03
RANDOM_NORMAL	8	64	16	1000	7.438661e-02	1.242651e-03
CONSTANT	4	64	16	1000	2.282044e-01	2.873794e-03
RANDOM_NORMAL	16	64	1	1000	5.216069e-03	3.146429e-05
RANDOM_UNIFORM	8	64	1	1000	2.258494e-02	8.191391e-05
CONSTANT	8	64	256	1000	1.571559e-01	2.470841e-03
RANDOM_NORMAL	4	64	16	1000	2.022682e-01	3.696144e-03
CONSTANT	8	64	16	1000	1.149962e-01	9.222776e-04
RANDOM_UNIFORM	16	64	16	1000	4.146616e-02	1.178891e-03
CONSTANT	2	64	1	1000	2.773913e-01	9.653242e-04
RANDOM_NORMAL	2	64	256	1000	5.139227e-01	6.633996e-03
RANDOM_UNIFORM	2	64	1	1000	2.861506e-01	1.513592e-03
CONSTANT	16	64	16	1000	6.365477e-02	6.236142e-04
BINARY	4	64	256	1000	1.658581e-01	4.282971e-03
RANDOM_UNIFORM	4	64	1	1000	9.167851e-02	8.606957e-04
BINARY	16	64	256	1000	2.734955e-01	2.981906e-03
BINARY	4	64	16	1000	9.633775e-02	1.898920e-03
BINARY	16	64	16	1000	2.268958e-01	2.343905e-03
BINARY	2	64	16	1000	2.803326e-01	2.447886e-03
RANDOM_NORMAL	16	64	256	1000	1.206968e-01	2.716921e-03
RANDOM_NORMAL	4	64	1	1000	9.867102e-02	8.718221e-04
CONSTANT	16	64	256	1000	1.173046e-01	1.950865e-03
RANDOM_UNIFORM	8	64	256	1000	1.523776e-01	2.602634e-03
BINARY	8	64	256	1000	2.389239e-01	3.589121e-03
CONSTANT	4	64	1	1000	1.466859e-01	5.080847e-04
RANDOM_UNIFORM	16	64	1	1000	6.444014e-03	6.324561e-05
RANDOM_UNIFORM	8	64	16	1000	7.077842e-02	1.206844e-03
RANDOM_NORMAL	8	64	1	1000	1.933109e-02	1.949223e-04
BINARY	8	64	16	1000	1.769256e-01	2.088610e-03
RANDOM_NORMAL	16	64	16	1000	5.177361e-02	1.785881e-03
CONSTANT	2	64	16	1000	4.261674e-01	4.016488e-03
CONSTANT	2	64	256	1000	4.924734e-01	5.228439e-03
CONSTANT	8	64	1	1000	7.196449e-02	2.968473e-04
RANDOM_UNIFORM	2	64	256	1000	5.116792e-01	7.074349e-03
BINARY	2	64	256	1000	3.038052e-01	3.049032e-03
RANDOM_UNIFORM	2	64	16	1000	4.398886e-01	4.024589e-03
RANDOM_NORMAL	2	64	1	1000	3.052107e-01	1.380350e-03
CONSTANT	16	64	1	1000	3.575941e-02	9.790730e-05
RANDOM_UNIFORM	4	64	256	1000	2.014922e-01	3.561499e-03
BINARY	8	64	1	1000	3.500790e-02	4.764250e-04
BINARY	4	64	1	1000	3.957573e-02	1.488960e-04
BINARY	16	64	1	1000	4.434203e-02	4.989790e-04
RANDOM_UNIFORM	4	64	16	1000	1.663590e-01	3.096387e-03
BINARY	2	64	1	1000	1.831152e-01	8.750145e-04
RANDOM_NORMAL	2	64	16	1000	4.443210e-01	4.516444e-03
RANDOM_NORMAL	4	64	256	1000	2.336314e-01	3.320981e-03
CONSTANT	4	64	256	1000	2.975809e-01	3.699935e-03
RANDOM_UNIFORM	16	64	256	1000	9.966123e-02	3.356776e-03
RANDOM_NORMAL	16	64	256	10000	1.068407e-01	3.220649e-03
RANDOM_NORMAL	4	64	1	10000	9.171582e-02	7.379356e-04
CONSTANT	16	64	256	10000	1.068352e-01	2.250790e-03
BINARY	8	64	256	10000	2.235980e-01	3.879579e-03
CONSTANT	4	64	1	10000	1.430885e-01	4.598680e-04
RANDOM_UNIFORM	16	64	1	10000	5.512610e-03	1.755002e-05
RANDOM_UNIFORM	8	64	16	10000	6.748733e-02	1.225322e-03
RANDOM_NORMAL	8	64	1	10000	1.778377e-02	1.138136e-04
BINARY	8	64	16	10000	1.706073e-01	2.317602e-03
RANDOM_NORMAL	16	64	16	10000	3.227316e-02	8.849098e-04
CONSTANT	2	64	256	10000	5.096533e-01	6.219356e-03
CONSTANT	2	64	16	10000	4.248841e-01	3.135167e-03
CONSTANT	8	64	1	10000	7.163332e-02	2.558506e-04
BINARY	16	64	256	10000	2.743242e-01	4.137030e-03
BINARY	2	64	256	10000	3.022547e-01	1.483109e-03
BINARY	16	64	16	10000	2.321224e-01	3.461214e-03
RANDOM_UNIFORM	2	64	16	10000	4.588726e-01	4.357417e-03
RANDOM_NORMAL	2	64	1	10000	2.895641e-01	2.136605e-03
RANDOM_UNIFORM	4	64	256	10000	2.213167e-01	4.059447e-03
BINARY	2	64	16	10000	2.594112e-01	1.767047e-03
RANDOM_UNIFORM	8	64	256	10000	1.329160e-01	2.529955e-03
BINARY	4	64	1	10000	4.009006e-02	1.531323e-04
BINARY	16	64	1	10000	3.906748e-02	5.648030e-04
RANDOM_UNIFORM	4	64	16	10000	1.704125e-01	2.338473e-03
RANDOM_NORMAL	4	64	256	10000	2.218275e-01	4.192756e-03
CONSTANT	4	64	256	10000	2.550210e-01	1.924862e-03
RANDOM_UNIFORM	16	64	256	10000	8.916611e-02	1.665225e-03
RANDOM_UNIFORM	2	64	256	10000	5.365422e-01	4.880311e-03
RANDOM_NORMAL	8	64	256	10000	1.456220e-01	3.787734e-03
RANDOM_NORMAL	8	64	16	10000	7.091912e-02	1.094384e-03
CONSTANT	4	64	16	10000	2.169422e-01	1.727093e-03
RANDOM_NORMAL	16	64	1	10000	4.455776e-03	3.044597e-05
CONSTANT	16	64	1	10000	3.605500e-02	1.115543e-04
RANDOM_UNIFORM	8	64	1	10000	2.086092e-02	1.556481e-04
BINARY	8	64	1	10000	2.429041e-02	3.319647e-04
CONSTANT	8	64	256	10000	1.640390e-01	3.683995e-03
CONSTANT	8	64	16	10000	1.181315e-01	1.722197e-03
RANDOM_NORMAL	4	64	16	10000	1.879668e-01	3.572577e-03
RANDOM_UNIFORM	16	64	16	10000	3.052214e-02	7.246756e-04
CONSTANT	2	64	1	10000	2.994082e-01	6.408254e-04
RANDOM_NORMAL	2	64	256	10000	4.902182e-01	6.078320e-03
RANDOM_UNIFORM	2	64	1	10000	2.803795e-01	1.997384e-03
BINARY	2	64	1	10000	1.839213e-01	1.110092e-03
RANDOM_NORMAL	2	64	16	10000	4.691181e-01	3.625383e-03
CONSTANT	16	64	16	10000	6.279702e-02	1.020144e-03
BINARY	4	64	256	10000	1.505536e-01	2.441152e-03
RANDOM_UNIFORM	4	64	1	10000	8.272616e-02	9.620244e-04
BINARY	4	64	16	10000	7.861221e-02	1.543896e-03
BINARY	4	128	16	100	1.822557e-01	1.787426e-03
CONSTANT	2	128	16	100	4.230266e-01	2.106464e-03
BINARY	4	128	256	100	2.217769e-01	3.030323e-03
RANDOM_NORMAL	2	128	16	100	4.557332e-01	3.964048e-03
BINARY	16	128	256	100	3.393341e-01	2.937487e-03
BINARY	2	128	256	100	2.964739e-01	2.038652e-03
BINARY	8	128	1	100	5.690154e-02	3.310961e-04
RANDOM_NORMAL	8	128	16	100	1.132001e-01	1.711777e-03
RANDOM_UNIFORM	4	128	1	100	9.909586e-02	5.761675e-04
BINARY	16	128	16	100	3.021533e-01	2.858838e-03
CONSTANT	16	128	1	100	3.639367e-02	8.267072e-05
RANDOM_UNIFORM	8	128	256	100	1.729782e-01	2.171927e-03
CONSTANT	4	128	1	100	1.428467e-01	2.742971e-04
CONSTANT	8	128	1	100	7.241552e-02	1.402158e-04
RANDOM_NORMAL	4	128	1	100	1.006377e-01	8.801743e-04
RANDOM_UNIFORM	8	128	16	100	1.161344e-01	1.079028e-03
RANDOM_UNIFORM	16	128	256	100	1.264930e-01	2.196851e-03
RANDOM_NORMAL	16	128	1	100	8.405156e-03	3.613115e-05
RANDOM_UNIFORM	2	128	256	100	4.908334e-01	3.233574e-03
RANDOM_NORMAL	8	128	256	100	1.766920e-01	2.427815e-03
RANDOM_UNIFORM	16	128	16	100	6.956669e-02	8.938096e-04
RANDOM_NORMAL	2	128	1	100	3.058237e-01	9.318330e-04
BINARY	2	128	16	100	2.769494e-01	1.589900e-03
CONSTANT	2	128	1	100	2.865900e-01	8.808417e-04
RANDOM_UNIFORM	2	128	16	100	4.156827e-01	2.484184e-03
RANDOM_UNIFORM	4	128	256	100	2.883960e-01	2.555344e-03
RANDOM_UNIFORM	4	128	16	100	2.125581e-01	2.564466e-03
CONSTANT	16	128	16	100	7.240213e-02	9.627705e-04
CONSTANT	16	128	256	100	1.148173e-01	2.000120e-03
BINARY	8	128	256	100	3.044572e-01	3.488959e-03
BINARY	4	128	1	100	5.800806e-02	1.830538e-04
BINARY	2	128	1	100	1.920739e-01	6.224885e-04
BINARY	8	128	16	100	2.603874e-01	2.023691e-03
CONSTANT	4	128	256	100	2.568778e-01	1.770764e-03
RANDOM_NORMAL	4	128	256	100	2.711680e-01	2.673191e-03
RANDOM_NORMAL	4	128	16	100	2.399426e-01	2.941764e-03
RANDOM_UNIFORM	8	128	1	100	3.174876e-02	7.639554e-05
CONSTANT	8	128	256	100	1.689725e-01	1.935826e-03
CONSTANT	4	128	16	100	2.178140e-01	1.680678e-03
RANDOM_NORMAL	16	128	256	100	1.363956e-01	1.780716e-03
CONSTANT	8	128	16	100	1.252148e-01	9.546139e-04
RANDOM_NORMAL	2	128	256	100	4.998747e-01	3.755177e-03
RANDOM_NORMAL	8	128	1	100	2.875140e-02	1.358041e-04
RANDOM_UNIFORM	16	128	1	100	9.596865e-03	3.402342e-05
BINARY	16	128	1	100	7.435576e-02	4.070169e-04
RANDOM_UNIFORM	2	128	1	100	2.870076e-01	1.153858e-03
RANDOM_NORMAL	16	128	16	100	7.566426e-02	1.034473e-03
CONSTANT	2	128	256	100	4.554239e-01	1.903626e-03
RANDOM_NORMAL	8	128	256	1000	1.632910e-01	1.362471e-03
RANDOM_NORMAL	8	128	16	1000	1.119194e-01	1.385124e-03
RANDOM_UNIFORM	16	128	16	1000	5.084068e-02	7.136609e-04
RANDOM_NORMAL	2	128	1	1000	3.047582e-01	1.668259e-03
BINARY	2	128	16	1000	2.816552e-01	1.376039e-03
CONSTANT	2	128	1	1000	2.941565e-01	7.063640e-04
RANDOM_UNIFORM	2	128	16	1000	4.336517e-01	2.767715e-03
RANDOM_UNIFORM	4	128	256	1000	2.635120e-01	3.329166e-03
RANDOM_UNIFORM	4	128	16	1000	1.994415e-01	2.065410e-03
CONSTANT	16	128	256	1000	1.091441e-01	2.161438e-03
CONSTANT	16	128	16	1000	6.204042e-02	3.969240e-04
BINARY	8	128	256	1000	2.996708e-01	1.853524e-03
BINARY	4	128	1	1000	5.183206e-02	2.603477e-04
BINARY	2	128	1	1000	1.874893e-01	6.429228e-04
BINARY	8	128	16	1000	2.508845e-01	3.035980e-03
CONSTANT	4	128	256	1000	2.710870e-01	2.393422e-03
RANDOM_NORMAL	4	128	256	1000	2.706768e-01	4.059714e-03
RANDOM_NORMAL	4	128	16	1000	2.208261e-01	2.580745e-03
RANDOM_UNIFORM	8	128	1	1000	2.752234e-02	9.367639e-05
CONSTANT	8	128	256	1000	1.488159e-01	1.864944e-03
CONSTANT	4	128	16	1000	2.183590e-01	1.075098e-03
RANDOM_NORMAL	16	128	256	1000	1.098742e-01	2.471337e-03
CONSTANT	8	128	16	1000	1.133451e-01	1.130446e-03
RANDOM_NORMAL	2	128	256	1000	4.960638e-01	3.583445e-03
RANDOM_NORMAL	8	128	1	1000	2.519694e-02	1.066126e-04
RANDOM_UNIFORM	16	128	1	1000	7.666451e-03	3.221973e-05
BINARY	16	128	1	1000	7.178863e-02	3.642343e-04
RANDOM_UNIFORM	2	128	1	1000	2.937909e-01	1.277748e-03
RANDOM_NORMAL	16	128	16	1000	7.433780e-02	1.441761e-03
CONSTANT	2	128	256	1000	4.573163e-01	2.186989e-03
CONSTANT	2	128	16	1000	4.241453e-01	2.675431e-03
BINARY	4	128	256	1000	2.074951e-01	3.569797e-03
RANDOM_NORMAL	2	128	16	1000	4.452716e-01	3.518684e-03
BINARY	16	128	256	1000	3.664549e-01	2.851829e-03
BINARY	8	128	1	1000	5.398235e-02	3.047403e-04
BINARY	4	128	16	1000	1.565452e-01	2.188397e-03
RANDOM_UNIFORM	4	128	1	1000	9.411820e-02	5.567751e-04
BINARY	16	128	16	1000	3.147593e-01	2.193581e-03
CONSTANT	16	128	1	1000	3.622811e-02	1.182668e-04
RANDOM_UNIFORM	8	128	256	1000	1.635023e-01	2.510534e-03
CONSTANT	4	128	1	1000	1.412101e-01	4.089338e-04
CONSTANT	8	128	1	1000	7.177938e-02	1.484594e-04
RANDOM_NORMAL	4	128	1	1000	9.791476e-02	5.675179e-04
RANDOM_UNIFORM	8	128	16	1000	1.010856e-01	1.345514e-03
RANDOM_UNIFORM	16	128	256	1000	1.161405e-01	1.408815e-03
RANDOM_NORMAL	16	128	1	1000	6.282766e-03	2.976062e-05
RANDOM_UNIFORM	2	128	256	1000	4.673612e-01	2.939558e-03
BINARY	2	128	256	1000	3.022416e-01	2.551216e-03
RANDOM_UNIFORM	8	128	1	10000	2.599747e-02	7.565511e-05
CONSTANT	8	128	256	10000	1.423801e-01	1.265644e-03
CONSTANT	4	128	16	10000	2.234041e-01	1.707937e-03
RANDOM_NORMAL	16	128	256	10000	1.113785e-01	1.588518e-03
CONSTANT	8	128	16	10000	1.152206e-01	1.179886e-03
CONSTANT	16	128	256	10000	1.100057e-01	8.835642e-04
RANDOM_NORMAL	2	128	256	10000	5.237974e-01	4.877119e-03
BINARY	8	128	256	10000	2.803816e-01	2.791476e-03
BINARY	4	128	1	10000	4.569564e-02	2.115725e-04
RANDOM_NORMAL	8	128	1	10000	2.354024e-02	1.663238e-04
RANDOM_UNIFORM	16	128	1	10000	7.257489e-03	3.910296e-05
BINARY	16	128	1	10000	6.539874e-02	3.303445e-04
RANDOM_UNIFORM	2	128	1	10000	2.909797e-01	1.527765e-03
RANDOM_NORMAL	16	128	16	10000	6.202936e-02	8.367568e-04
CONSTANT	2	128	256	10000	4.660094e-01	2.619478e-03
BINARY	8	128	16	10000	2.329301e-01	1.712270e-03
CONSTANT	2	128	16	10000	4.483595e-01	3.278450e-03
BINARY	4	128	256	10000	1.890989e-01	2.457779e-03
RANDOM_NORMAL	2	128	16	10000	4.428744e-01	4.358946e-03
BINARY	16	128	256	10000	3.143163e-01	2.782766e-03
BINARY	4	128	16	10000	1.332090e-01	1.680010e-03
RANDOM_UNIFORM	4	128	1	10000	9.037179e-02	4.869456e-04
BINARY	16	128	16	10000	2.717216e-01	2.103651e-03
CONSTANT	16	128	1	10000	3.600794e-02	9.500558e-05
BINARY	2	128	256	10000	3.086788e-01	2.339125e-03
CONSTANT	4	128	1	10000	1.431902e-01	2.948754e-04
CONSTANT	8	128	1	10000	7.149763e-02	2.095679e-04
RANDOM_NORMAL	4	128	1	10000	9.568942e-02	7.704144e-04
RANDOM_UNIFORM	16	128	256	10000	9.408192e-02	1.630599e-03
RANDOM_NORMAL	16	128	1	10000	5.720988e-03	2.172394e-05
BINARY	8	128	1	10000	4.825509e-02	2.987343e-04
RANDOM_NORMAL	8	128	256	10000	1.510395e-01	1.669718e-03
RANDOM_NORMAL	8	128	16	10000	9.670382e-02	1.501038e-03
RANDOM_UNIFORM	16	128	16	10000	5.170205e-02	6.820780e-04
RANDOM_NORMAL	2	128	1	10000	3.040699e-01	1.232266e-03
BINARY	2	128	16	10000	2.765022e-01	1.624535e-03
CONSTANT	2	128	1	10000	2.857573e-01	7.727567e-04
RANDOM_UNIFORM	2	128	16	10000	4.329792e-01	2.133064e-03
RANDOM_UNIFORM	4	128	256	10000	2.547431e-01	2.177707e-03
RANDOM_UNIFORM	4	128	16	10000	1.994513e-01	2.678495e-03
RANDOM_UNIFORM	8	128	256	10000	1.262044e-01	1.758840e-03
CONSTANT	16	128	16	10000	6.057616e-02	3.960170e-04
BINARY	2	128	1	10000	1.952142e-01	5.925993e-04
RANDOM_UNIFORM	8	128	16	10000	9.312875e-02	1.122414e-03
RANDOM_UNIFORM	2	128	256	10000	4.796131e-01	3.633344e-03
CONSTANT	4	128	256	10000	2.438088e-01	2.245858e-03
RANDOM_NORMAL	4	128	256	10000	2.661348e-01	2.443758e-03
RANDOM_NORMAL	4	128	16	10000	2.255390e-01	2.605921e-03
BINARY	16	256	1	100	8.891453e-02	2.984762e-04
CONSTANT	4	256	256	100	2.805641e-01	1.780265e-03
BINARY	4	256	1	100	7.089115e-02	2.120279e-04
RANDOM_NORMAL	4	256	256	100	2.899379e-01	1.580345e-03
RANDOM_NORMAL	4	256	16	100	2.519321e-01	9.457648e-04
RANDOM_NORMAL	8	256	256	100	2.152348e-01	1.537479e-03
RANDOM_UNIFORM	16	256	256	100	1.495976e-01	7.285890e-04
CONSTANT	4	256	16	100	2.244497e-01	9.929877e-04
RANDOM_UNIFORM	16	256	16	100	9.282206e-02	7.040650e-04
RANDOM_NORMAL	16	256	1	100	1.035916e-02	3.985437e-05
CONSTANT	8	256	256	100	1.705301e-01	1.315618e-03
RANDOM_NORMAL	8	256	16	100	1.593055e-01	1.438035e-03
CONSTANT	2	256	1	100	2.906558e-01	4.209520e-04
CONSTANT	8	256	16	100	1.274536e-01	9.573148e-04
CONSTANT	16	256	256	100	1.259959e-01	8.291485e-04
BINARY	4	256	256	100	2.603620e-01	3.008285e-03
RANDOM_UNIFORM	2	256	1	100	2.936122e-01	6.294318e-04
BINARY	2	256	1	100	1.932908e-01	4.068013e-04
RANDOM_UNIFORM	8	256	1	100	3.622803e-02	7.893002e-05
RANDOM_NORMAL	2	256	256	100	5.409886e-01	3.059884e-03
RANDOM_NORMAL	16	256	16	100	1.063167e-01	1.214878e-03
RANDOM_NORMAL	2	256	16	100	4.769206e-01	2.727239e-03
CONSTANT	16	256	16	100	7.160073e-02	6.189751e-04
BINARY	8	256	16	100	3.118854e-01	1.858699e-03
RANDOM_UNIFORM	4	256	1	100	1.059151e-01	2.653253e-04
BINARY	16	256	256	100	3.641839e-01	2.114145e-03
BINARY	16	256	16	100	3.094449e-01	1.082072e-03
BINARY	2	256	256	100	3.061689e-01	1.164882e-03
BINARY	2	256	16	100	2.787865e-01	7.804415e-04
CONSTANT	4	256	1	100	1.434034e-01	2.070919e-04
RANDOM_UNIFORM	4	256	16	100	2.352831e-01	1.873671e-03
RANDOM_NORMAL	4	256	1	100	1.104161e-01	5.977284e-04
BINARY	8	256	256	100	3.659939e-01	1.790013e-03
RANDOM_UNIFORM	16	256	1	100	1.128847e-02	3.077638e-05
RANDOM_NORMAL	16	256	256	100	1.495556e-01	1.033451e-03
BINARY	4	256	16	100	2.144490e-01	1.839674e-03
RANDOM_NORMAL	8	256	1	100	3.395705e-02	1.057074e-04
CONSTANT	2	256	256	100	4.663773e-01	1.603599e-03
CONSTANT	2	256	16	100	4.140796e-01	1.366734e-03
CONSTANT	8	256	1	100	7.182631e-02	1.915612e-04
CONSTANT	16	256	1	100	3.537340e-02	5.631492e-05
RANDOM_UNIFORM	2	256	256	100	5.037189e-01	2.441995e-03
RANDOM_UNIFORM	2	256	16	100	4.741486e-01	2.160410e-03
RANDOM_UNIFORM	8	256	256	100	1.906383e-01	1.315738e-03
RANDOM_NORMAL	2	256	1	100	2.959465e-01	5.665426e-04
BINARY	8	256	1	100	7.468624e-02	3.025751e-04
RANDOM_UNIFORM	8	256	16	100	1.385193e-01	8.255811e-04
RANDOM_UNIFORM	4	256	256	100	2.938942e-01	1.811802e-03
RANDOM_UNIFORM	4	256	1	1000	1.012032e-01	4.648077e-04
BINARY	16	256	256	1000	3.771056e-01	2.349417e-03
BINARY	16	256	16	1000	3.172523e-01	1.971884e-03
BINARY	2	256	256	1000	2.977302e-01	1.080084e-03
BINARY	2	256	16	1000	2.832020e-01	9.056693e-04
BINARY	4	256	256	1000	2.667150e-01	2.065429e-03
CONSTANT	4	256	1	1000	1.440276e-01	3.127148e-04
RANDOM_UNIFORM	4	256	16	1000	2.279498e-01	9.695223e-04
RANDOM_NORMAL	4	256	1	1000	1.054890e-01	5.953019e-04
BINARY	8	256	256	1000	3.558595e-01	1.442812e-03
RANDOM_UNIFORM	16	256	1	1000	8.701217e-03	2.146100e-05
RANDOM_NORMAL	16	256	256	1000	1.533102e-01	1.755951e-03
BINARY	4	256	16	1000	1.953524e-01	1.235615e-03
RANDOM_NORMAL	8	256	1	1000	2.999642e-02	1.128288e-04
CONSTANT	2	256	256	1000	4.615303e-01	2.257718e-03
CONSTANT	2	256	16	1000	4.061327e-01	1.975943e-03
CONSTANT	8	256	1	1000	7.146440e-02	1.112742e-04
CONSTANT	16	256	1	1000	3.591496e-02	7.701335e-05
RANDOM_UNIFORM	2	256	256	1000	4.955064e-01	1.851846e-03
RANDOM_UNIFORM	2	256	16	1000	4.625784e-01	1.989274e-03
RANDOM_UNIFORM	8	256	256	1000	1.794259e-01	1.648875e-03
RANDOM_NORMAL	2	256	1	1000	2.982633e-01	8.258378e-04
RANDOM_UNIFORM	8	256	16	1000	1.290841e-01	6.490652e-04
RANDOM_UNIFORM	4	256	256	1000	2.753586e-01	1.828525e-03
BINARY	16	256	1	1000	9.003163e-02	3.352420e-04
CONSTANT	4	256	256	1000	2.563325e-01	1.772575e-03
BINARY	4	256	1	1000	6.321096e-02	2.555906e-04
RANDOM_NORMAL	4	256	256	1000	3.154858e-01	2.189970e-03
RANDOM_NORMAL	4	256	16	1000	2.411392e-01	2.469283e-03
RANDOM_NORMAL	8	256	256	1000	1.930824e-01	1.317543e-03
RANDOM_UNIFORM	16	256	256	1000	1.209210e-01	1.486109e-03
CONSTANT	4	256	16	1000	2.302734e-01	8.675437e-04
RANDOM_UNIFORM	16	256	16	1000	6.404221e-02	6.520428e-04
RANDOM_NORMAL	16	256	1	1000	7.825613e-03	3.054422e-05
BINARY	8	256	1	1000	7.711889e-02	3.404862e-04
CONSTANT	8	256	256	1000	1.608142e-01	1.382359e-03
RANDOM_NORMAL	8	256	16	1000	1.537776e-01	1.068708e-03
CONSTANT	2	256	1	1000	2.889059e-01	6.183246e-04
CONSTANT	8	256	16	1000	1.215452e-01	7.082325e-04
CONSTANT	16	256	256	1000	1.288628e-01	1.438589e-03
RANDOM_UNIFORM	2	256	1	1000	2.856708e-01	1.181831e-03
BINARY	2	256	1	1000	1.902632e-01	5.655445e-04
RANDOM_UNIFORM	8	256	1	1000	3.089761e-02	6.309012e-05
RANDOM_NORMAL	2	256	256	1000	5.051299e-01	2.613252e-03
RANDOM_NORMAL	2	256	16	1000	4.669713e-01	2.734861e-03
RANDOM_NORMAL	16	256	16	1000	9.829751e-02	1.000331e-03
CONSTANT	16	256	16	1000	6.670274e-02	7.318451e-04
BINARY	8	256	16	1000	3.101537e-01	1.898148e-03
CONSTANT	16	256	1	10000	3.575220e-02	5.509555e-05
BINARY	2	256	256	10000	3.002280e-01	1.728279e-03
RANDOM_UNIFORM	2	256	16	10000	4.583907e-01	3.076389e-03
RANDOM_UNIFORM	8	256	256	10000	1.672112e-01	1.489937e-03
RANDOM_NORMAL	2	256	1	10000	2.978459e-01	7.734011e-04
RANDOM_UNIFORM	8	256	16	10000	1.139342e-01	6.297254e-04
RANDOM_UNIFORM	4	256	256	10000	2.787840e-01	2.016071e-03
RANDOM_UNIFORM	4	256	16	10000	2.118248e-01	1.222607e-03
BINARY	16	256	1	10000	8.569249e-02	3.011729e-04
CONSTANT	4	256	256	10000	2.636715e-01	1.339741e-03
BINARY	4	256	1	10000	5.934074e-02	2.960217e-04
RANDOM_NORMAL	4	256	256	10000	2.917210e-01	2.771776e-03
RANDOM_NORMAL	4	256	16	10000	2.350691e-01	1.497661e-03
RANDOM_NORMAL	8	256	256	10000	1.997752e-01	2.036510e-03
RANDOM_UNIFORM	16	256	256	10000	1.260959e-01	1.682493e-03
RANDOM_UNIFORM	2	256	256	10000	5.106992e-01	3.838198e-03
CONSTANT	4	256	16	10000	2.150799e-01	1.486990e-03
RANDOM_UNIFORM	16	256	16	10000	6.240043e-02	4.878878e-04
RANDOM_NORMAL	16	256	1	10000	7.393264e-03	3.064909e-05
BINARY	8	256	1	10000	7.227664e-02	1.736286e-04
RANDOM_NORMAL	8	256	16	10000	1.355744e-01	1.395644e-03
CONSTANT	2	256	1	10000	2.889524e-01	4.925574e-04
CONSTANT	8	256	16	10000	1.136874e-01	5.226030e-04
CONSTANT	16	256	256	10000	1.014504e-01	9.332758e-04
BINARY	2	256	1	10000	1.906688e-01	5.518582e-04
RANDOM_UNIFORM	8	256	1	10000	2.919704e-02	1.012140e-04
RANDOM_NORMAL	2	256	256	10000	5.166463e-01	2.692950e-03
RANDOM_NORMAL	2	256	16	10000	4.833516e-01	2.893960e-03
CONSTANT	16	256	16	10000	5.923488e-02	4.162120e-04
BINARY	8	256	16	10000	3.089820e-01	1.129578e-03
RANDOM_UNIFORM	4	256	1	10000	9.936009e-02	3.831302e-04
BINARY	16	256	16	10000	3.159425e-01	1.649034e-03
CONSTANT	8	256	256	10000	1.657632e-01	1.494682e-03
BINARY	2	256	16	10000	2.715983e-01	1.232005e-03
BINARY	4	256	256	10000	2.444635e-01	1.943894e-03
CONSTANT	4	256	1	10000	1.428232e-01	2.466252e-04
RANDOM_NORMAL	4	256	1	10000	1.028572e-01	4.835904e-04
BINARY	8	256	256	10000	3.578301e-01	1.670616e-03
RANDOM_UNIFORM	16	256	1	10000	8.378140e-03	2.524657e-05
RANDOM_UNIFORM	2	256	1	10000	2.893659e-01	7.807516e-04
RANDOM_NORMAL	16	256	256	10000	1.377522e-01	1.139338e-03
RANDOM_NORMAL	16	256	16	10000	8.152384e-02	9.117075e-04
BINARY	4	256	16	10000	1.963910e-01	1.234675e-03
RANDOM_NORMAL	8	256	1	10000	2.866425e-02	1.169073e-04
CONSTANT	2	256	256	10000	4.570513e-01	1.892570e-03
CONSTANT	2	256	16	10000	4.226408e-01	1.779069e-03
CONSTANT	8	256	1	10000	7.113481e-02	1.188560e-04
BINARY	16	256	256	10000	3.581998e-01	2.442724e-03